1111111111111111111111111111111111111111
1000000000000000000000000000000000000001
1000000000000000000000000000000000000001
1000000000000000000000000000000000000001
1000001110000000000000000000000000000001
1000001110000000000000000000000000000001
1000001110000000000000000000000000000001
1000000000000000000000000000000000000001
1000000000000000000000001111000000000001
1000000000000000000000001111000000000001
1000000000000000000000001111000000000001
1000000000000000000000000000000000000001
1000000000000000000000000000000000000001
1000000000000000000000000000000000000001
1000011111100000000000000000000000000001
1000010000010000000000000000000000000001
1000010000010000000000000000000000000001
1000000000010000000000000000000000000001
1000000000000000000000000000000000000001
1000000000000000000000000000000000000001
1000000000000000000000000000000000000001
1000000000000000000000000000000000000001
1000000000000000000000000000000000000001
1000000000000000000000000000000000000001
1000000000000000000000001111000000000001
1000000000000000000000001111000000000001
1000000000000000000000001111000000000001
1000000000000000000000000000000000000001
1000000000001111100000000000000000000001
1000000000001111100000000000000000000001
1000000000001111100000000000000000000001
1111111111111111111111111111111111111111
